#sample	P-S-SP	P-S	P-SP	S-SP	P__only	S__only	SP__only
P1	0.957467543768086	0.978211687724097	0.9661689464342	0.957467543768086	0.0130869096098291	0	0
P2	0.955344401517552	0.967317531586124	0.982771222721136	0.955344401517552	0.0052556472103303	0	0
P3	0.973234485399078	0.984372280811705	0.98433747520104	0.973234485399078	0.00452472938637708	0	0
P4	0.97406982005502	0.98273641711047	0.98499878180366	0.97406982005502	0.0063346211409279	0	0
S1	0.932720754585666	0.955901291288188	0.932720754585666	0.951132922627159	0	0.0256865406703561	0
S2	0.968361699906053	0.978768577494726	0.968361699906053	0.978942605548049	0	0.0106505168633184	0
S3	0.972329539521798	0.98210991611851	0.972329539521798	0.981239775851897	0	0.00897984755142527	0
S4	0.929100971076561	0.953325676099015	0.929100971076561	0.946225331523469	0	0.0295499634541088	0
SP1	0.956214541784159	0.956214541784159	0.96780481013542	0.973686958337711	0	0	0.0147227733110577
SP2	0.961783439490474	0.961783439490474	0.986391006230238	0.969684313111306	0	0	0.005708120148968
SP3	0.971354982423192	0.971354982423192	0.986843479168873	0.978246493334755	0	0	0.00626500991959903
SP4	0.969997563607281	0.969997563607281	0.986391006230237	0.977271936236153	0	0	0.0063346211409279
